Results for Linked-list based implementation
0.003941492999729235
0.005366155000956496
0.0011439480003900826
0.0028225539972481783
0.00382689400066738
0.003708124000695534
0.0011975490015174728
0.0014784650011279155
0.0034142519980377983
0.004112900998734403
0.003800057002081303
0.0041292880014225375
0.00417719800316263
0.003922119998605922
0.004436516999703599
0.003957003002142301
0.0040990179986692965
0.006687555000098655
0.0020946710028511006
0.0028396230009093415
0.004060900002514245
0.004008943000371801
0.00462057500044466
0.003564459999324754
0.0038600520019826945
0.00478490299792611
0.0037296410009730607
0.003643833999376511
0.004255904001183808
0.00467483900138177
0.006545899002958322
0.003802454000833677
0.0064488040006835945
0.0015429900013259612
0.004259938999894075
0.0038009649979358073
0.00576309499956551
0.005984335999528412
0.004259938999894075
0.00040426399937132373
0.0028901350015075877
0.005745301001297776
0.004126412997720763
0.004031411997857504
0.005042281998612452
0.004196906000288436
0.00403480800014222
0.0040232510000350885
0.006061029002012219
0.005774200002633734
0.003706146002514288
0.004590305001329398
0.00207083300119848
0.004986700001609279
0.004010415999800898
0.004184216999419732
0.0033878800022648647
0.003931429000658682
0.0038860580025357194
0.0038787580015196
0.004368379999505123
0.0044426439999369904
0.0067441639985190704
0.004674779000197304
0.006117147000622936
0.0027091769989056047
0.0011975440029345918
0.003852515001199208
0.004429034001077525
0.004719600001408253
0.003801815000770148
0.00455673499891418
0.005983232000289718
0.004550878998998087
0.0037745750014437363
0.004617299000528874
0.004170534997683717
0.0049315059986838605
0.004234635001921561
0.004444989001058275
0.00568554699930246
0.003947466997487936
0.0008947200003603939
0.004568964002828579
0.005118291002872866
0.00423986799796694
0.004086267999809934
0.0026550809998298064
0.0078856439977244
0.004151790999458171
0.005637194997689221
0.005510563998541329
0.0048407130016130395
0.0030668179970234632
0.0005757259968959261
0.00046803100121906027
0.004295040002034511
0.0003526740001689177
0.0012218450028740335
0.004917049998766743
Results for Array based implementation
0.002416021998215001
0.0022145290022308473
0.0015568689996143803
0.0005657770016114227
0.0022861059987917542
0.002244364000944188
0.001499728998169303
0.0013553089993365575
0.0006454209978983272
0.00011392399756005034
0.0023221279989229515
0.002451065000059316
0.0023088620000635274
0.0022121639995020814
0.0022424400012823753
0.002240935998997884
0.0022407940014090855
0.0022858510019432288
0.0012713840005744714
0.000700522999977693
0.0021892889999435283
1.966299896594137e-05
0.0005509379989234731
0.0004826820004382171
0.0031528899999102578
0.0022627279977314174
0.002254416001960635
0.0022400069974537473
0.0022927710015210323
0.0023686519998591393
0.0023159120028140023
0.002206765002483735
0.002238420998764923
0.0012542559998109937
0.002525312997022411
0.002594735997263342
0.002442294000502443
0.0022568790009245276
0.002258475997223286
0.00198110400015139
0.0007392440020339563
9.83280006039422e-05
0.00224565800090204
0.0021889849995204713
0.002239515997644048
0.0023577079991810024
0.002249659999506548
0.0022492299976875074
0.0022701550005876925
0.0022436830004153308
0.00233404599930509
0.0022415580024244264
0.001165211000625277
4.088100104127079e-05
0.0023878940010035876
0.0022047689999453723
0.0010989570000674576
0.002225406999059487
0.002243398001155583
0.0022422110014304053
0.002232535000075586
0.002207609999459237
0.002497090001270408
0.00222964999920805
0.0022340559989970643
0.0006547660013893619
0.001580596999701811
2.4984998162835836e-05
0.002192855998146115
0.0022082370014686603
6.230002327356488e-07
0.002208252997661475
0.0003619839990278706
0.0026748220006993506
0.0022494519980682526
0.0021923829990555532
0.002233795999927679
0.002253325001220219
0.0022560860015801154
0.002190291001170408
0.0026066219979838934
0.002267548999952851
0.0016291510000883136
0.0022171620003064163
0.002321080999536207
0.0022337450027407613
0.0021937539968348574
0.001039496000885265
0.002931184000772191
0.0022598209980060346
0.002212825998867629
0.0021981279969622847
0.002295834998221835
0.0005896699985896703
0.0019444069985183887
0.0020955219988536555
0.002499869002349442
0.0021666819993697572
0.0016975269973045215
0.002271094999741763
